2019 22
2019 23
2019 35
2019 36
2019 50
2019 51
2019 63
2019 64
2019 77
2019 78
2019 91
2019 92
2019 105
2019 106
2019 119
2019 120
2019 133
2019 134
2019 148
2019 149
2019 175
2019 176
2019 189
2019 190
2019 203
2019 204
2019 217
2019 218
2019 231
2019 232
2019 248
2019 249
2019 259
2019 260
2019 273
2019 274
2019 290
2019 291
2019 301
2019 302
2019 318
2019 319
2019 329
2019 330
2019 343
2019 344
2019 360
2019 361
2020 9
2020 10
2020 21
2020 22
2020 34
2020 35
2020 51
2020 52
2020 62
2020 63
2020 76
2020 77
2020 90
2020 91
2020 105
2020 106
2020 147
2020 148
2020 160
2020 161
2020 174
2020 175
2020 188
2020 189
2020 202
2020 203
2020 219
2020 220
2020 231
2020 232
2020 244
2020 245
2020 258
2020 259
2020 272
2020 273
2020 287
2020 288
2020 303
2020 304
2020 314
2020 315
2020 328
2020 329
2020 345
2020 346
2020 357
2020 358
2021 7
2021 8
2021 21
2021 22
2021 32
2021 33
2021 47
2021 48
2021 63
2021 64
2021 74
2021 75
2021 90
2021 91
2021 105
2021 106
2021 119
2021 120
2021 133
2021 134
2021 160
2021 161
2021 175
2021 176
2021 189
2021 190
2021 203
2021 204
2021 210
2021 211
2021 216
2021 217
2021 231
2021 232
2021 245
2021 246
2021 259
2021 260
2021 273
2021 274
2021 287
2021 288
2021 301
2021 302
2021 315
2021 316
2021 327
2021 328
2021 343
2021 344
2021 356
2021 357
2022 13
2022 14
2022 20
2022 21
2022 27
2022 28
2022 34
2022 35
2022 41
2022 42
2022 48
2022 49
2022 55
2022 56
2022 62
2022 63
2022 76
2022 77
2022 83
2022 84
2022 90
2022 91
2022 97
2022 98
2022 103
2022 104
2022 111
2022 112
2022 118
2022 119
2022 125
2022 126
2022 132
2022 133
2022 139
2022 140
2022 146
2022 147
2022 153
2022 154
2022 160
2022 161
2022 167
2022 168
2022 174
2022 175
2022 181
2022 182
2022 187
2022 188
2022 195
2022 196
2022 215
2022 216
2022 230
2022 231
2022 237
2022 238
2022 244
2022 245
2022 251
2022 252
2022 265
2022 266
2022 272
2022 273
2022 279
2022 280
2022 293
2022 294
2022 299
2022 300
2022 313
2022 314
2022 321
2022 322
2022 335
2022 336
2022 348
2022 349
2022 363
2022 364
2023 39
2023 40
2023 68
2023 69
2023 81
2023 82
2023 95
2023 96
2023 110
2023 111
2023 124
2023 125
2023 151
2023 152
2023 165
2023 166
2023 180
2023 181
2023 194
2023 195
2023 207
2023 208
2023 222
2023 223
2023 250
2023 251
2023 263
2023 264
2023 278
2023 279
2023 285
2023 286
2023 299
2023 300
2023 306
2023 307
2023 320
2023 321
2023 327
2023 328
2023 347
2023 348
2023 362
2023 363
2024 3
2024 4
2024 17
2024 18
2024 24
2024 25
2024 38
2024 39
2024 45
2024 46
2024 59
2024 60
2024 66
2024 67
2024 80
2024 81
2024 87
2024 88
2024 94
2024 95
2024 115
2024 116
2024 129
2024 130
2024 143
2024 144
2024 150
2024 151
2024 157
2024 158
2024 164
2024 165
2024 178
2024 179
