1986 3
1986 4
1986 9
1986 10
1986 13
1986 14
1986 18
1986 19
1986 20
1986 28
1986 29
1986 30
1986 33
1986 34
1986 35
1986 38
1986 39
1986 43
1986 44
1986 48
1986 49
1986 53
1986 54
1986 58
1986 59
1986 63
1986 64
1986 68
1986 69
1986 73
1986 74
1986 78
1986 79
1986 83
1986 84
1986 93
1986 94
1986 98
1986 99
1986 103
1986 104
1986 108
1986 109
1986 113
1986 114
1986 118
1986 119
1986 122
1986 123
1986 124
1986 128
1986 129
1986 133
1986 134
1986 137
1986 138
1986 143
1986 144
1986 148
1986 149
1986 153
1986 154
1986 158
1986 159
1986 163
1986 164
1986 173
1986 174
1986 178
1986 179
1986 183
1986 184
1986 188
1986 189
1986 193
1986 194
1986 198
1986 199
1986 203
1986 204
1986 208
1986 209
1986 213
1986 214
1986 218
1986 219
1986 223
1986 224
1986 228
1986 229
1986 233
1986 234
1986 238
1986 239
1986 240
1986 248
1986 249
1986 253
1986 254
1986 258
1986 259
1986 263
1986 264
1986 268
1986 269
1986 273
1986 274
1986 278
1986 279
1986 283
1986 284
1986 288
1986 289
1986 293
1986 294
1986 298
1986 299
1986 308
1986 309
1986 318
1986 319
1986 323
1986 324
1986 328
1986 329
1986 333
1986 334
1986 338
1986 339
1986 343
1986 344
1986 348
1986 349
1986 353
1986 354
1986 357
1986 358
1986 363
1986 364
1987 3
1987 4
1987 8
1987 9
1987 14
1987 15
1987 18
1987 19
1987 20
1987 21
1987 23
1987 24
1987 28
1987 29
1987 30
1987 31
1987 32
1987 33
1987 34
1987 35
1987 36
1987 37
1987 38
1987 39
1987 40
1987 41
1987 43
1987 44
1987 48
1987 49
1987 50
1987 53
1987 54
1987 55
1987 56
1987 58
1987 59
1987 63
1987 64
1987 68
1987 69
1987 70
1987 73
1987 74
1987 78
1987 79
1987 81
1987 82
1987 83
1987 84
1987 85
1987 86
1987 87
1987 88
1987 89
1987 98
1987 99
1987 100
1987 103
1987 104
1987 105
1987 108
1987 109
1987 111
1987 112
1987 113
1987 114
1987 118
1987 119
1987 120
1987 121
1987 122
1987 123
1987 124
1987 126
1987 127
1987 128
1987 129
1987 130
1987 131
1987 134
1987 135
1987 137
1987 138
1987 139
1987 141
1987 142
1987 143
1987 144
1987 145
1987 148
1987 149
1987 150
1987 153
1987 154
1987 157
1987 158
1987 160
1987 161
1987 163
1987 164
1987 168
1987 169
1987 170
1987 173
1987 174
1987 175
1987 176
1987 179
1987 180
1987 181
1987 182
1987 183
1987 184
1987 188
1987 189
1987 190
1987 192
1987 193
1987 194
1987 196
1987 197
1987 198
1987 199
1987 200
1987 202
1987 203
1987 204
1987 205
1987 208
1987 209
1987 210
1987 213
1987 214
1987 215
1987 216
1987 217
1987 218
1987 219
1987 220
1987 221
1987 222
1987 223
1987 224
1987 225
1987 226
1987 227
1987 228
1987 232
1987 233
1987 234
1987 235
1987 236
1987 237
1987 238
1987 239
1987 240
1987 243
1987 244
1987 248
1987 249
1987 253
1987 254
1987 255
1987 258
1987 259
1987 260
1987 263
1987 264
1987 266
1987 267
1987 268
1987 269
1987 270
1987 273
1987 274
1987 278
1987 279
1987 283
1987 284
1987 288
1987 289
1987 290
1987 291
1987 292
1987 293
1987 294
1987 295
1987 296
1987 297
1987 298
1987 299
1987 301
1987 302
1987 303
1987 304
1987 305
1987 306
1987 307
1987 308
1987 309
1987 310
1987 313
1987 314
1987 315
1987 318
1987 319
1987 323
1987 324
1987 327
1987 328
1987 329
1987 333
1987 334
1987 335
1987 338
1987 339
1987 340
1987 341
1987 342
1987 343
1987 344
1987 345
1987 346
1987 348
1987 349
1987 350
1987 352
1987 353
1987 354
1987 355
1987 356
1987 357
1987 358
1987 363
1987 364
1988 3
1988 4
1988 5
1988 7
1988 8
1988 9
1988 13
1988 14
1988 18
1988 19
1988 20
1988 22
1988 23
1988 24
1988 28
1988 29
1988 33
1988 34
1988 38
1988 39
1988 41
1988 42
1988 43
1988 44
1988 46
1988 47
1988 48
1988 49
1988 52
1988 53
1988 54
1988 55
1988 58
1988 59
1988 63
1988 64
1988 68
1988 69
1988 74
1988 75
1988 78
1988 79
1988 83
1988 84
1988 85
1988 88
1988 89
1988 93
1988 94
1988 98
1988 99
1988 101
1988 102
1988 103
1988 104
1988 106
1988 107
1988 108
1988 109
1988 110
1988 113
1988 114
1988 117
1988 118
1988 119
1988 120
1988 123
1988 124
1988 125
1988 128
1988 129
1988 133
1988 134
1988 138
1988 139
1988 140
1988 142
1988 143
1988 144
1988 153
1988 154
1988 157
1988 158
1988 159
1988 163
1988 164
1988 168
1988 169
1988 173
1988 174
1988 175
1988 178
1988 179
1988 183
1988 184
1988 188
1988 189
1988 193
1988 194
1988 198
1988 199
1988 203
1988 204
1988 207
1988 208
1988 209
1988 213
1988 214
1988 218
1988 219
1988 223
1988 224
1988 228
1988 229
1988 233
1988 234
1988 235
1988 236
1988 238
1988 239
1988 242
1988 243
1988 244
1988 248
1988 249
1988 253
1988 254
1988 255
1988 258
1988 259
1988 262
1988 263
1988 264
1988 265
1988 268
1988 269
1988 272
1988 273
1988 274
1988 278
1988 279
1988 283
1988 284
1988 288
1988 289
1988 293
1988 294
1988 298
1988 299
1988 303
1988 304
1988 305
1988 308
1988 309
1988 310
1988 313
1988 314
1988 315
1988 323
1988 324
1988 328
1988 329
1988 333
1988 334
1988 338
1988 339
1988 343
1988 344
1988 348
1988 349
1988 350
1988 351
1988 352
1988 353
1988 354
1988 355
1988 356
1988 357
1988 358
1988 359
1988 363
1988 364
1989 2
1989 3
1989 5
1989 6
1989 7
1989 8
1989 9
1989 12
1989 13
1989 14
1989 15
1989 17
1989 18
1989 19
1989 20
1989 21
1989 22
1989 23
1989 24
1989 25
1989 26
1989 27
1989 28
1989 29
1989 30
1989 32
1989 33
1989 34
1989 35
1989 37
1989 38
1989 39
1989 42
1989 43
1989 44
1989 47
1989 48
1989 49
1989 50
1989 51
1989 52
1989 53
1989 57
1989 58
1989 59
1989 62
1989 63
1989 64
1989 67
1989 68
1989 72
1989 73
1989 75
1989 76
1989 77
1989 78
1989 79
1989 82
1989 83
1989 84
1989 85
1989 86
1989 87
1989 88
1989 89
1989 90
1989 91
1989 92
1989 93
1989 94
1989 97
1989 98
1989 102
1989 103
1989 107
1989 108
1989 109
1989 110
1989 111
1989 112
1989 113
1989 114
1989 115
1989 116
1989 117
1989 118
1989 120
1989 121
1989 122
1989 123
1989 124
1989 125
1989 126
1989 127
1989 128
1989 129
1989 130
1989 131
1989 132
1989 133
1989 134
1989 135
1989 136
1989 137
1989 138
1989 139
1989 140
1989 141
1989 142
1989 143
1989 144
1989 145
1989 147
1989 148
1989 150
1989 151
1989 152
1989 153
1989 154
1989 155
1989 156
1989 157
1989 158
1989 161
1989 162
1989 163
1989 167
1989 168
1989 172
1989 173
1989 174
1989 175
1989 176
1989 177
1989 178
1989 179
1989 182
1989 183
1989 184
1989 186
1989 187
1989 188
1989 189
1989 190
1989 191
1989 192
1989 193
1989 194
1989 195
1989 196
1989 197
1989 199
1989 200
1989 202
1989 203
1989 204
1989 205
1989 206
1989 207
1989 208
1989 209
1989 210
1989 211
1989 212
1989 213
1989 214
1989 215
1989 216
1989 217
1989 218
1989 219
1989 220
1989 221
1989 222
1989 223
1989 224
1989 225
1989 227
1989 228
1989 229
1989 230
1989 232
1989 233
1989 236
1989 237
1989 238
1989 241
1989 242
1989 243
1989 244
1989 245
1989 246
1989 247
1989 248
1989 250
1989 251
1989 252
1989 253
1989 254
1989 255
1989 256
1989 257
1989 258
1989 259
1989 260
1989 261
1989 262
1989 263
1989 264
1989 267
1989 268
1989 269
1989 270
1989 271
1989 272
1989 273
1989 277
1989 278
1989 279
1989 281
1989 282
1989 283
1989 284
1989 285
1989 286
1989 287
1989 288
1989 289
1989 290
1989 291
1989 292
1989 293
1989 294
1989 296
1989 297
1989 298
1989 299
1989 300
1989 301
1989 302
1989 303
1989 304
1989 305
1989 306
1989 307
1989 308
1989 309
1989 310
1989 311
1989 312
1989 313
1989 314
1989 315
1989 316
1989 317
1989 318
1989 320
1989 321
1989 322
1989 323
1989 324
1989 325
1989 326
1989 327
1989 328
1989 329
1989 330
1989 332
1989 333
1989 334
1989 337
1989 338
1989 339
1989 346
1989 347
1989 348
1989 351
1989 352
1989 353
1989 354
1989 355
1989 356
1989 357
1989 358
1989 361
1989 362
1989 363
1990 2
1990 3
1990 7
1990 8
1990 9
1990 10
1990 11
1990 12
1990 13
1990 16
1990 17
1990 18
1990 19
1990 20
1990 21
1990 22
1990 23
1990 24
1990 25
1990 26
1990 27
1990 28
1990 29
1990 30
1990 31
1990 32
1990 33
1990 35
1990 36
1990 37
1990 38
1990 39
1990 40
1990 41
1990 42
1990 43
1990 44
1990 45
1990 46
1990 47
1990 48
1990 49
1990 50
1990 51
1990 52
1990 53
1990 57
1990 58
1990 59
1990 60
1990 62
1990 63
1990 66
1990 67
1990 68
1990 72
1990 73
1990 74
1990 75
1990 77
1990 78
1990 80
1990 81
1990 82
1990 83
1990 86
1990 87
1990 88
1990 89
1990 92
1990 93
1990 94
1990 95
1990 97
1990 98
1990 101
1990 102
1990 103
1990 104
1990 106
1990 107
1990 108
1990 109
1990 110
1990 113
1990 114
1990 115
1990 116
1990 117
1990 118
1990 121
1990 122
1990 123
1990 124
1990 127
1990 128
1990 129
1990 130
1990 131
1990 132
1990 133
1990 134
1990 135
1990 136
1990 137
1990 138
1990 141
1990 142
1990 143
1990 144
1990 145
1990 150
1990 151
1990 152
1990 153
1990 155
1990 156
1990 157
1990 158
1990 159
1990 160
1990 161
1990 162
1990 163
1990 164
1990 167
1990 168
1990 169
1990 170
1990 171
1990 172
1990 173
1990 176
1990 177
1990 178
1990 179
1990 180
1990 181
1990 182
1990 183
1990 184
1990 186
1990 187
1990 188
1990 190
1990 191
1990 192
1990 193
1990 194
1990 195
1990 197
1990 198
1990 199
1990 200
1990 201
1990 202
1990 203
1990 204
1990 205
1990 206
1990 207
1990 208
1990 209
1990 211
1990 212
1990 213
1990 214
1990 215
1990 216
1990 219
1990 220
1990 221
1990 222
1990 223
1990 225
1990 226
1990 227
1990 228
1990 229
1990 232
1990 233
1990 234
1990 235
1990 237
1990 238
1990 240
1990 241
1990 242
1990 243
1990 247
1990 248
1990 249
1990 250
1990 252
1990 253
1990 254
1990 255
1990 257
1990 258
1990 262
1990 263
1990 264
1990 267
1990 268
1990 269
1990 270
1990 271
1990 272
1990 273
1990 275
1990 276
1990 277
1990 278
1990 279
1990 280
1990 281
1990 282
1990 283
1990 284
1990 285
1990 287
1990 288
1990 289
1990 290
1990 292
1990 293
1990 294
1990 295
1990 296
1990 297
1990 298
1990 299
1990 300
1990 301
1990 302
1990 303
1990 304
1990 305
1990 307
1990 308
1990 309
1990 310
1990 311
1990 312
1990 313
1990 314
1990 315
1990 316
1990 317
1990 318
1990 319
1990 321
1990 322
1990 323
1990 324
1990 325
1990 327
1990 328
1990 330
1990 331
1990 332
1990 333
1990 334
1990 337
1990 338
1990 339
1990 340
1990 342
1990 343
1990 344
1990 345
1990 346
1990 347
1990 348
1990 349
1990 351
1990 352
1990 353
1990 354
1990 355
1990 357
1990 358
1990 360
1990 361
1990 362
1990 363
1991 2
1991 3
1991 4
1991 7
1991 8
1991 9
1991 12
1991 13
1991 14
1991 15
1991 16
1991 17
1991 18
1991 22
1991 23
1991 24
1991 27
1991 28
1991 29
1991 32
1991 33
1991 37
1991 38
1991 42
1991 43
1991 44
1991 45
1991 47
1991 48
1991 50
1991 51
1991 52
1991 53
1991 57
1991 58
1991 59
1991 62
1991 63
1991 65
1991 66
1991 67
1991 68
1991 70
1991 71
1991 72
1991 73
1991 74
1991 75
1991 77
1991 78
1991 79
1991 80
1991 82
1991 83
1991 84
1991 85
1991 87
1991 88
1991 91
1991 92
1991 93
1991 94
1991 97
1991 98
1991 99
1991 100
1991 101
1991 102
1991 103
1991 105
1991 106
1991 107
1991 108
1991 112
1991 113
1991 114
1991 115
1991 116
1991 119
1991 120
1991 122
1991 123
1991 126
1991 127
1991 128
1991 129
1991 130
1991 133
1991 134
1991 135
1991 136
1991 137
1991 140
1991 141
1991 143
1991 144
1991 147
1991 148
1991 149
1991 150
1991 151
1991 154
1991 155
1991 157
1991 158
1991 161
1991 162
1991 163
1991 164
1991 165
1991 168
1991 169
1991 171
1991 172
1991 175
1991 176
1991 177
1991 178
1991 179
1991 181
1991 182
1991 183
1991 184
1991 185
1991 186
1991 189
1991 190
1991 192
1991 193
1991 196
1991 197
1991 198
1991 199
1991 200
1991 201
1991 202
1991 203
1991 206
1991 207
1991 210
1991 211
1991 213
1991 214
1991 217
1991 218
1991 219
1991 220
1991 221
1991 224
1991 225
1991 227
1991 228
1991 231
1991 232
1991 234
1991 235
1991 238
1991 239
1991 240
1991 241
1991 242
1991 245
1991 246
1991 247
1991 248
1991 249
1991 252
1991 253
1991 255
1991 256
1991 259
1991 260
1991 262
1991 263
1991 266
1991 267
1991 268
1991 269
1991 270
1991 273
1991 274
1991 275
1991 276
1991 277
1991 280
1991 281
1991 282
1991 283
1991 284
1991 287
1991 288
1991 290
1991 291
1991 294
1991 295
1991 297
1991 298
1991 301
1991 302
1991 303
1991 304
1991 305
1991 308
1991 309
1991 311
1991 312
1991 315
1991 316
1991 317
1991 318
1991 319
1991 320
1991 322
1991 323
1991 324
1991 325
1991 326
1991 329
1991 330
1991 331
1991 336
1991 337
1991 339
1991 340
1991 343
1991 344
1991 345
1991 346
1991 347
1991 348
1991 349
1991 350
1991 351
1991 353
1991 354
1991 355
1991 357
1991 358
1991 360
1991 361
1991 364
1991 365
1992 2
1992 3
1992 6
1992 7
1992 8
1992 9
1992 10
1992 13
1992 14
1992 15
1992 16
1992 17
1992 20
1992 21
1992 22
1992 23
1992 24
1992 27
1992 28
1992 29
1992 30
1992 31
1992 34
1992 35
1992 36
1992 37
1992 38
1992 41
1992 42
1992 43
1992 44
1992 45
1992 46
1992 48
1992 49
1992 50
1992 51
1992 52
1992 53
1992 55
1992 56
1992 57
1992 58
1992 59
1992 63
1992 64
1992 65
1992 66
1992 67
1992 69
1992 70
1992 71
1992 72
1992 73
1992 74
1992 76
1992 77
1992 78
1992 79
1992 80
1992 81
1992 83
1992 84
1992 86
1992 87
1992 90
1992 91
1992 92
1992 93
1992 94
1992 97
1992 98
1992 99
1992 100
1992 101
1992 104
1992 105
1992 106
1992 107
1992 111
1992 112
1992 113
1992 114
1992 115
1992 118
1992 119
1992 120
1992 121
1992 122
1992 125
1992 126
1992 127
1992 128
1992 129
1992 132
1992 133
1992 134
1992 135
1992 136
1992 137
1992 138
1992 139
1992 140
1992 141
1992 142
1992 143
1992 144
1992 145
1992 146
1992 147
1992 148
1992 149
1992 150
1992 151
1992 152
1992 153
1992 154
1992 156
1992 157
1992 160
1992 161
1992 164
1992 165
1992 166
1992 167
1992 168
1992 169
1992 170
1992 171
1992 172
1992 173
1992 174
1992 175
1992 176
1992 177
1992 178
1992 179
1992 180
1992 181
1992 182
1992 183
1992 184
1992 185
1992 188
1992 189
1992 190
1992 191
1992 192
1992 195
1992 196
1992 197
1992 198
1992 199
1992 200
1992 202
1992 203
1992 204
1992 205
1992 206
1992 207
1992 208
1992 209
1992 210
1992 211
1992 212
1992 213
1992 214
1992 215
1992 216
1992 217
1992 218
1992 219
1992 220
1992 221
1992 222
1992 223
1992 224
1992 225
1992 226
1992 227
1992 230
1992 231
1992 232
1992 233
1992 234
1992 235
1992 236
1992 237
1992 238
1992 239
1992 240
1992 241
1992 242
1992 243
1992 244
1992 245
1992 246
1992 247
1992 248
1992 251
1992 252
1992 253
1992 254
1992 255
1992 258
1992 259
1992 260
1992 261
1992 265
1992 266
1992 267
1992 268
1992 269
1992 272
1992 273
1992 275
1992 276
1992 279
1992 280
1992 282
1992 283
1992 286
1992 287
1992 288
1992 289
1992 290
1992 293
1992 294
1992 295
1992 296
1992 297
1992 298
1992 300
1992 301
1992 303
1992 304
1992 305
1992 307
1992 308
1992 309
1992 310
1992 311
1992 314
1992 315
1992 316
1992 317
1992 318
1992 321
1992 322
1992 323
1992 324
1992 325
1992 326
1992 328
1992 329
1992 335
1992 336
1992 337
1992 338
1992 339
1992 340
1992 341
1992 342
1992 343
1992 344
1992 345
1992 346
1992 349
1992 350
1992 351
1992 352
1992 354
1992 355
1992 356
1992 357
1992 358
1992 363
1992 364
1992 365
1993 4
1993 5
1993 6
1993 7
1993 8
1993 11
1993 12
1993 14
1993 15
1993 18
1993 19
1993 20
1993 21
1993 22
1993 25
1993 26
1993 27
1993 28
1993 29
1993 32
1993 33
1993 34
1993 35
1993 36
1993 39
1993 40
1993 41
1993 42
1993 43
1993 44
1993 46
1993 47
1993 48
1993 49
1993 50
1993 53
1993 54
1993 56
1993 57
1993 60
1993 61
1993 62
1993 63
1993 64
1993 67
1993 68
1993 69
1993 70
1993 71
1993 74
1993 75
1993 76
1993 77
1993 78
1993 81
1993 82
1993 83
1993 84
1993 85
1993 88
1993 89
1993 95
1993 96
1993 97
1993 98
1993 102
1993 103
1993 104
1993 105
1993 106
1993 109
1993 110
1993 111
1993 112
1993 113
1993 116
1993 117
1993 118
1993 119
1993 120
1993 123
1993 124
1993 125
1993 126
1993 127
1993 131
1993 132
1993 133
1993 134
1993 138
1993 139
1993 141
1993 142
1993 144
1993 145
1993 146
1993 147
1993 153
1993 154
1993 155
1993 158
1993 159
1993 160
1993 161
1993 165
1993 166
1993 167
1993 172
1993 173
1993 174
1993 175
1993 176
1993 177
1993 178
1993 179
1993 180
1993 181
1993 187
1993 188
1993 189
1993 190
1993 193
1993 194
1993 195
1993 196
1993 197
1993 198
1993 200
1993 201
1993 202
1993 203
1993 208
1993 209
1993 210
1993 211
1993 214
1993 215
1993 216
1993 217
1993 218
1993 221
1993 222
1993 223
1993 228
1993 229
1993 230
1993 231
1993 232
1993 235
1993 236
1993 237
1993 238
1993 242
1993 243
1993 244
1993 245
1993 246
1993 249
1993 250
1993 251
1993 257
1993 258
1993 259
1993 260
1993 264
1993 265
1993 266
1993 267
1993 270
1993 271
1993 272
1993 273
1993 274
1993 278
1993 279
1993 280
1993 281
1993 284
1993 285
1993 286
1993 287
1993 288
1993 291
1993 292
1993 293
1993 294
1993 298
1993 299
1993 300
1993 305
1993 306
1993 307
1993 312
1993 313
1993 314
1993 320
1993 321
1993 322
1993 327
1993 328
1993 333
1993 334
1993 335
1993 336
1993 340
1993 341
1993 342
1993 343
1993 344
1993 345
1993 346
1993 347
1993 348
1993 349
1993 354
1993 355
1993 356
1993 362
1993 363
1994 4
1994 5
1994 6
1994 7
1994 10
1994 11
1994 12
1994 13
1994 14
1994 15
1994 16
1994 17
1994 18
1994 19
1994 20
1994 21
1994 22
1994 23
1994 24
1994 25
1994 26
1994 27
1994 28
1994 32
1994 33
1994 38
1994 39
1994 40
1994 41
1994 42
1994 45
1994 46
1994 47
1994 52
1994 53
1994 54
1994 60
1994 61
1994 66
1994 67
1994 68
1994 73
1994 74
1994 75
1994 76
1994 77
1994 81
1994 82
1994 83
1994 84
1994 88
1994 89
1994 95
1994 96
1994 102
1994 103
1994 109
1994 110
1994 115
1994 116
1994 117
1994 118
1994 119
1994 123
1994 124
1994 129
1994 130
1994 131
1994 132
1994 133
1994 137
1994 138
1994 143
1994 144
1994 145
1994 146
1994 151
1994 152
1994 153
1994 154
1994 158
1994 159
1994 165
1994 166
1994 167
1994 171
1994 172
1994 173
1994 178
1994 179
1994 180
1994 181
1994 182
1994 186
1994 187
1994 188
1994 189
1994 190
1994 193
1994 194
1994 195
1994 196
1994 200
1994 201
1994 202
1994 206
1994 207
1994 208
1994 209
1994 210
1994 213
1994 214
1994 215
1994 216
1994 217
1994 220
1994 221
1994 222
1994 223
1994 224
1994 225
1994 227
1994 228
1994 229
1994 235
1994 236
1994 237
1994 238
1994 241
1994 242
1994 243
1994 244
1994 245
1994 249
1994 250
1994 251
1994 252
1994 255
1994 256
1994 257
1994 258
1994 259
1994 262
1994 263
1994 264
1994 265
1994 266
1994 269
1994 270
1994 271
1994 276
1994 277
1994 278
1994 279
1994 280
1994 284
1994 285
1994 286
1994 287
1994 290
1994 291
1994 292
1994 293
1994 294
1994 297
1994 298
1994 299
1994 300
1994 301
1994 304
1994 305
1994 306
1994 307
1994 311
1994 312
1994 313
1994 314
1994 315
1994 319
1994 320
1994 325
1994 326
1994 327
1994 332
1994 333
1994 334
1994 337
1994 338
1994 339
1994 340
1994 341
1994 342
1994 346
1994 347
1994 348
1994 349
1994 350
1994 353
1994 354
1994 355
1994 361
1994 362
1994 363
1994 364
1995 3
1995 4
1995 9
1995 10
1995 11
1995 17
1995 18
1995 19
1995 23
1995 24
1995 25
1995 26
1995 27
1995 30
1995 31
1995 32
1995 33
1995 34
1995 38
1995 39
1995 44
1995 45
1995 46
1995 47
1995 52
1995 53
1995 54
1995 59
1995 60
1995 61
1995 62
1995 65
1995 66
1995 67
1995 72
1995 73
1995 80
1995 81
1995 82
1995 83
1995 86
1995 87
1995 88
1995 93
1995 94
1995 95
1995 100
1995 101
1995 102
1995 103
1995 104
1995 108
1995 109
1995 110
1995 111
1995 114
1995 115
1995 116
1995 121
1995 122
1995 123
1995 129
1995 130
1995 131
1995 136
1995 137
1995 142
1995 143
1995 144
1995 145
1995 150
1995 151
1995 152
1995 158
1995 159
1995 160
1995 164
1995 165
1995 166
1995 170
1995 171
1995 172
1995 178
1995 179
1995 180
1995 186
1995 187
1995 191
1995 192
1995 193
1995 194
1995 196
1995 197
1995 198
1995 199
1995 200
1995 205
1995 206
1995 212
1995 213
1995 214
1995 219
1995 220
1995 221
1995 222
1995 227
1995 228
1995 229
1995 234
1995 235
1995 236
1995 237
1995 238
1995 239
1995 240
1995 241
1995 242
1995 243
1995 244
1995 248
1995 249
1995 250
1995 255
1995 256
1995 261
1995 262
1995 263
1995 264
1995 265
1995 268
1995 269
1995 270
1995 275
1995 276
1995 277
1995 278
1995 279
1995 282
1995 283
1995 284
1995 285
1995 286
1995 296
1995 297
1995 298
1995 304
1995 305
1995 311
1995 312
1995 313
1995 314
1995 317
1995 318
1995 319
1995 320
1995 321
1995 324
1995 325
1995 326
1995 331
1995 332
1995 333
1995 339
1995 340
1995 341
1995 342
1995 346
1995 347
1995 348
1995 352
1995 353
1995 354
1995 360
1995 361
1996 2
1996 3
1996 9
1996 10
1996 16
1996 17
1996 22
1996 23
1996 24
1996 25
1996 26
1996 29
1996 30
1996 31
1996 36
1996 37
1996 38
1996 39
1996 43
1996 44
1996 45
1996 46
1996 47
1996 51
1996 52
1996 53
1996 54
1996 58
1996 59
1996 64
1996 65
1996 66
1996 67
1996 71
1996 72
1996 73
1996 74
1996 79
1996 80
1996 81
1996 85
1996 86
1996 87
1996 88
1996 93
1996 94
1996 95
1996 100
1996 101
1996 106
1996 107
1996 108
1996 114
1996 115
1996 116
1996 117
1996 121
1996 122
1996 123
1996 127
1996 128
1996 129
1996 135
1996 136
1996 137
1996 141
1996 142
1996 143
1996 144
1996 149
1996 150
1996 151
1996 152
1996 155
1996 156
1996 157
1996 159
1996 160
1996 162
1996 163
1996 164
1996 166
1996 167
1996 170
1996 171
1996 172
1996 173
1996 176
1996 177
1996 178
1996 179
1996 180
1996 184
1996 185
1996 191
1996 192
1996 193
1996 194
1996 197
1996 198
1996 199
1996 200
1996 204
1996 205
1996 206
1996 207
1996 208
1996 212
1996 213
1996 219
1996 220
1996 221
1996 223
1996 224
1996 225
1996 226
1996 227
1996 233
1996 234
1996 239
1996 240
1996 241
1996 242
1996 246
1996 247
1996 248
1996 249
1996 250
1996 251
1996 253
1996 254
1996 255
1996 260
1996 261
1996 262
1996 263
1996 264
1996 265
1996 267
1996 268
1996 269
1996 272
1996 273
1996 275
1996 276
1996 277
1996 278
1996 279
1996 281
1996 282
1996 283
1996 284
1996 285
1996 288
1996 289
1996 290
1996 291
1996 292
1996 293
1996 295
1996 296
1996 297
1996 303
1996 304
1996 308
1996 309
1996 310
1996 311
1996 312
1996 313
1996 314
1996 316
1996 317
1996 318
1996 319
1996 320
1996 321
1996 324
1996 325
1996 326
1996 327
1996 330
1996 331
1996 337
1996 338
1996 339
1996 340
1996 341
1996 344
1996 345
1996 346
1996 352
1996 353
1996 358
1996 359
1996 365
1996 366
1997 7
1997 8
1997 9
1997 10
1997 11
1997 12
1997 14
1997 15
1997 21
1997 22
1997 23
1997 28
1997 29
1997 30
1997 31
1997 34
1997 35
1997 36
1997 37
1997 38
1997 41
1997 42
1997 43
1997 49
1997 50
1997 51
1997 52
1997 56
1997 57
1997 63
1997 64
1997 70
1997 71
1997 76
1997 77
1997 78
1997 79
1997 83
1997 84
1997 85
1997 90
1997 91
1997 92
1997 93
1997 97
1997 98
1997 99
1997 105
1997 106
1997 107
1997 111
1997 112
1997 119
1997 120
1997 121
1997 125
1997 126
1997 127
1997 128
1997 134
1997 135
1997 140
1997 141
1997 147
1997 148
1997 153
1997 154
1997 155
1997 161
1997 162
1997 167
1997 168
1997 169
1997 175
1997 176
1997 182
1997 183
1997 184
1997 189
1997 190
1997 191
1997 195
1997 196
1997 197
1997 203
1997 204
1997 205
1997 206
1997 210
1997 211
1997 216
1997 217
1997 218
1997 223
1997 224
1997 225
1997 231
1997 232
1997 233
1997 238
1997 239
1997 240
1997 245
1997 246
1997 247
1997 251
1997 252
1997 253
1997 258
1997 259
1997 260
1997 266
1997 267
1997 273
1997 274
1997 279
1997 280
1997 281
1997 287
1997 288
1997 293
1997 294
1997 295
1997 300
1997 301
1997 302
1997 303
1997 304
1997 305
1997 306
1997 307
1997 308
1997 309
1997 313
1997 314
1997 315
1997 316
1997 317
1997 318
1997 321
1997 322
1997 323
1997 329
1997 330
1997 336
1997 337
1997 342
1997 343
1997 344
1997 345
1997 349
1997 350
1997 351
1997 352
1997 356
1997 357
1997 358
1997 364
1997 365
1998 153
1998 154
1998 160
1998 161
1998 167
1998 168
1998 169
1998 173
1998 174
1998 175
1998 176
1998 177
1998 180
1998 181
1998 182
1998 183
1998 188
1998 189
1998 194
1998 195
1998 196
1998 197
1998 201
1998 202
1998 203
1998 209
1998 210
1998 211
1998 216
1998 217
1998 222
1998 223
1998 224
1998 230
1998 231
1998 236
1998 237
1998 238
1998 244
1998 245
1998 251
1998 252
1998 258
1998 259
1998 260
1998 261
1998 265
1998 266
1998 271
1998 272
1998 273
1998 274
1998 275
1998 278
1998 279
1998 280
1998 281
1998 285
1998 286
1998 287
1998 293
1998 294
1998 295
1998 300
1998 301
1998 302
1998 303
1998 306
1998 307
1998 308
1998 309
1998 310
1998 313
1998 314
1998 315
1998 316
1998 317
1998 321
1998 322
1998 328
1998 329
1998 335
1998 336
1998 341
1998 342
1998 343
1998 344
1998 345
1998 348
1998 349
1998 350
1998 351
1998 355
1998 356
1998 357
1998 362
1998 363
1998 364
1999 5
1999 6
1999 12
1999 13
1999 14
1999 19
1999 20
1999 26
1999 27
1999 28
1999 32
1999 33
1999 40
1999 41
1999 42
1999 43
1999 46
1999 47
1999 48
1999 49
1999 50
1999 54
1999 55
1999 61
1999 62
1999 63
1999 67
1999 68
1999 69
1999 70
1999 71
1999 74
1999 75
1999 82
1999 83
1999 84
1999 89
1999 90
1999 96
1999 97
1999 98
1999 103
1999 104
1999 105
1999 106
1999 109
1999 110
1999 111
1999 112
1999 116
1999 117
1999 118
1999 119
1999 123
1999 124
1999 125
1999 126
1999 131
1999 132
1999 138
1999 139
1999 140
1999 145
1999 146
1999 152
1999 153
1999 159
1999 160
1999 161
1999 165
1999 166
1999 167
1999 172
1999 173
1999 174
1999 179
1999 180
1999 181
1999 182
1999 187
1999 188
1999 194
1999 195
1999 196
1999 200
1999 201
1999 202
1999 208
1999 209
1999 210
1999 214
1999 215
1999 216
1999 221
1999 222
1999 223
1999 224
1999 228
1999 229
1999 230
1999 235
1999 236
1999 237
1999 243
1999 244
1999 250
1999 251
1999 257
1999 258
1999 263
1999 264
1999 265
1999 270
1999 271
1999 272
1999 273
1999 274
1999 277
1999 278
1999 279
1999 284
1999 285
1999 286
1999 291
1999 292
1999 293
1999 294
1999 295
1999 298
1999 299
1999 300
1999 305
1999 306
1999 307
1999 308
1999 309
1999 312
1999 313
1999 314
1999 315
1999 316
1999 319
1999 320
1999 321
1999 327
1999 328
1999 334
1999 335
1999 340
1999 341
1999 342
1999 347
1999 348
1999 349
1999 350
1999 355
1999 356
1999 362
1999 363
1999 364
2000 4
2000 5
2000 10
2000 11
2000 12
2000 13
2000 18
2000 19
2000 25
2000 26
2000 27
2000 28
2000 31
2000 32
2000 33
2000 34
2000 35
2000 38
2000 39
2000 40
2000 41
2000 42
2000 45
2000 46
2000 47
2000 53
2000 54
2000 66
2000 67
2000 68
2000 74
2000 75
2000 76
2000 77
2000 81
2000 82
2000 87
2000 88
2000 89
2000 95
2000 96
2000 102
2000 103
2000 109
2000 110
2000 115
2000 116
2000 117
2000 123
2000 124
2000 129
2000 130
2000 131
2000 132
2000 136
2000 137
2000 138
2000 144
2000 145
2000 148
2000 149
2000 151
2000 152
2000 158
2000 159
2000 160
2000 161
2000 165
2000 166
2000 171
2000 172
2000 173
2000 178
2000 179
2000 180
2000 187
2000 188
2000 192
2000 193
2000 194
2000 195
2000 200
2000 201
2000 206
2000 207
2000 214
2000 215
2000 220
2000 221
2000 222
2000 227
2000 228
2000 229
2000 230
2000 231
2000 234
2000 235
2000 236
2000 237
2000 242
2000 243
2000 248
2000 249
2000 256
2000 257
2000 258
2000 259
2000 262
2000 263
2000 264
2000 265
2000 269
2000 270
2000 271
2000 277
2000 278
2000 284
2000 285
2000 290
2000 291
2000 292
2000 293
2000 297
2000 298
2000 299
2000 300
2000 304
2000 305
2000 306
2000 307
2000 308
2000 312
2000 313
2000 319
2000 320
2000 326
2000 327
2000 332
2000 333
2000 334
2000 340
2000 341
2000 342
2000 343
2000 346
2000 347
2000 348
2000 349
2000 353
2000 354
2000 355
2000 362
2000 363
2001 2
2001 3
2001 8
2001 9
2001 10
2001 11
2001 16
2001 17
2001 22
2001 23
2001 24
2001 25
2001 30
2001 31
2001 36
2001 37
2001 38
2001 39
2001 44
2001 45
2001 46
2001 47
2001 50
2001 51
2001 52
2001 53
2001 57
2001 58
2001 59
2001 64
2001 65
2001 66
2001 67
2001 72
2001 73
2001 78
2001 79
2001 80
2001 81
2001 85
2001 86
2001 87
2001 88
2001 92
2001 93
2001 94
2001 95
2001 99
2001 100
2001 101
2001 106
2001 107
2001 108
2001 109
2001 114
2001 115
2001 121
2001 122
2001 123
2001 128
2001 129
2001 130
2001 134
2001 135
2001 136
2001 137
2001 141
2001 142
2001 143
2001 144
2001 145
2001 149
2001 150
2001 151
2001 154
2001 155
2001 156
2001 157
2001 158
2001 159
2001 160
2001 161
2001 162
2001 163
2001 164
2001 165
2001 169
2001 170
2001 171
2001 172
2001 176
2001 177
2001 178
2001 183
2001 184
2001 185
2001 186
2001 187
2001 190
2001 191
2001 192
2001 193
2001 197
2001 198
2001 199
2001 200
2001 204
2001 205
2001 206
2001 207
2001 212
2001 213
2001 214
2001 218
2001 219
2001 220
2001 221
2001 225
2001 226
2001 227
2001 228
2001 232
2001 233
2001 234
2001 235
2001 239
2001 240
2001 241
2001 246
2001 247
2001 248
2001 249
2001 253
2001 254
2001 255
2001 256
2001 261
2001 262
2001 263
2001 267
2001 268
2001 269
2001 275
2001 276
2001 277
2001 282
2001 283
2001 284
2001 288
2001 289
2001 290
2001 291
2001 295
2001 296
2001 297
2001 298
2001 302
2001 303
2001 304
2001 305
2001 309
2001 310
2001 311
2001 312
2001 316
2001 317
2001 318
2001 319
2001 324
2001 325
2001 330
2001 331
2001 332
2001 333
2001 337
2001 338
2001 339
2001 340
2001 344
2001 345
2001 347
2001 348
2001 352
2001 353
2001 354
2001 361
2001 362
2002 3
2002 4
2002 7
2002 8
2002 10
2002 11
2002 14
2002 15
2002 17
2002 18
2002 24
2002 25
2002 28
2002 29
2002 31
2002 32
2002 35
2002 36
2002 38
2002 39
2002 42
2002 43
2002 45
2002 46
2002 50
2002 51
2002 52
2002 53
2002 56
2002 57
2002 59
2002 60
2002 63
2002 64
2002 66
2002 67
2002 70
2002 71
2002 73
2002 74
2002 77
2002 78
2002 80
2002 81
2002 84
2002 85
2002 86
2002 87
2002 92
2002 93
2002 94
2002 95
2002 98
2002 99
2002 101
2002 102
2002 105
2002 106
2002 108
2002 109
2002 112
2002 113
2002 119
2002 120
2002 126
2002 127
2002 129
2002 130
2002 133
2002 134
2002 136
2002 137
2002 140
2002 141
2002 143
2002 144
2002 148
2002 149
2002 154
2002 155
2002 157
2002 158
2002 161
2002 162
2002 164
2002 165
2002 168
2002 169
2002 171
2002 172
2002 175
2002 176
2002 178
2002 179
2002 182
2002 183
2002 184
2002 189
2002 190
2002 192
2002 193
2002 196
2002 197
2002 199
2002 200
2002 203
2002 204
2002 206
2002 207
2002 210
2002 211
2002 213
2002 214
2002 217
2002 218
2002 224
2002 225
2002 227
2002 228
2002 231
2002 232
2002 238
2002 239
2002 241
2002 242
2002 248
2002 249
2002 255
2002 256
2002 262
2002 263
2002 266
2002 267
2002 273
2002 274
2002 276
2002 277
2002 280
2002 281
2002 283
2002 284
2002 304
2002 305
2002 308
2002 309
2002 311
2002 312
2002 315
2002 316
2002 318
2002 319
2002 322
2002 323
2002 325
2002 326
2002 336
2002 337
2002 339
2002 340
2002 343
2002 344
2002 346
2002 347
2002 350
2002 351
2002 353
2002 354
2003 6
2003 7
2003 13
2003 14
2003 16
2003 17
2003 21
2003 22
2003 23
2003 24
2003 27
2003 28
2003 30
2003 31
2003 34
2003 35
2003 37
2003 38
2003 41
2003 42
2003 44
2003 45
2003 49
2003 50
2003 51
2003 52
2003 55
2003 56
2003 65
2003 66
2003 69
2003 70
2003 72
2003 73
2003 76
2003 77
2003 79
2003 80
2003 83
2003 84
2003 86
2003 87
2003 90
2003 91
2003 93
2003 94
2003 97
2003 98
2003 100
2003 101
2003 104
2003 105
2003 106
2003 107
2003 111
2003 112
2003 114
2003 115
2003 118
2003 119
2003 120
2003 125
2003 126
2003 128
2003 129
2003 132
2003 133
2003 135
2003 136
2003 139
2003 140
2003 142
2003 143
2003 147
2003 148
2003 149
2003 150
2003 153
2003 154
2003 160
2003 161
2003 163
2003 164
2003 167
2003 168
2003 174
2003 175
2003 177
2003 178
2003 181
2003 182
2003 183
2003 184
2003 188
2003 189
2003 191
2003 192
2003 195
2003 196
2003 198
2003 199
2003 202
2003 203
2003 205
2003 206
2003 209
2003 210
2003 212
2003 213
2003 216
2003 217
2003 219
2003 220
2003 223
2003 224
2003 226
2003 227
2003 230
2003 231
2003 240
2003 241
2003 245
2003 246
2003 247
2003 248
2003 251
2003 252
2003 254
2003 255
2003 258
2003 259
2003 261
2003 262
2003 265
2003 266
2003 268
2003 269
2003 275
2003 276
2003 279
2003 280
2003 282
2003 283
2003 286
2003 287
2003 289
2003 290
2003 293
2003 294
2003 296
2003 297
2003 300
2003 301
2003 303
2003 304
2003 307
2003 308
2003 310
2003 311
2003 314
2003 315
2003 317
2003 318
2003 321
2003 322
2003 324
2003 325
2003 328
2003 329
2003 330
2003 335
2003 336
2003 338
2003 339
2003 343
2003 344
2003 345
2003 346
2003 349
2003 350
2003 352
2003 353
2003 363
2003 364
2004 5
2004 6
2004 8
2004 9
2004 12
2004 13
2004 15
2004 16
2004 20
2004 21
2004 22
2004 23
2004 26
2004 27
2004 29
2004 30
2004 33
2004 34
2004 36
2004 37
2004 40
2004 41
2004 43
2004 44
2004 47
2004 48
2004 50
2004 51
2004 54
2004 55
2004 57
2004 58
2004 61
2004 62
2004 64
2004 65
2004 68
2004 69
2004 75
2004 76
2004 78
2004 79
2004 82
2004 83
2004 89
2004 90
2004 92
2004 93
2004 96
2004 97
2004 98
2004 99
2004 103
2004 104
2004 106
2004 107
2004 110
2004 111
2004 113
2004 114
2004 117
2004 118
2004 120
2004 121
2004 124
2004 125
2004 131
2004 132
2004 134
2004 135
2004 138
2004 139
2004 140
2004 141
2004 145
2004 146
2004 148
2004 149
2004 153
2004 154
2004 155
2004 156
2004 159
2004 160
2004 162
2004 163
2004 169
2004 170
2004 176
2004 177
2004 180
2004 181
2004 183
2004 184
2004 188
2004 189
2004 190
2004 191
2004 194
2004 195
2004 197
2004 198
2004 201
2004 202
2004 204
2004 205
2004 211
2004 212
2004 215
2004 216
2004 218
2004 219
2004 229
2004 230
2004 232
2004 233
2004 236
2004 237
2004 239
2004 240
2004 243
2004 244
2004 246
2004 247
2004 251
2004 252
2004 253
2004 254
2004 257
2004 258
2004 260
2004 261
2004 264
2004 265
2004 267
2004 268
2004 271
2004 272
2004 274
2004 275
2004 278
2004 279
2004 281
2004 282
2004 288
2004 289
2004 292
2004 293
2004 295
2004 296
2004 299
2004 300
2004 302
2004 303
2004 309
2004 310
2004 313
2004 314
2004 316
2004 317
2004 320
2004 321
2004 327
2004 328
2004 329
2004 334
2004 335
2004 337
2004 338
2004 341
2004 342
2004 344
2004 345
2004 348
2004 349
2004 351
2004 352
2004 355
2004 356
2004 357
2004 358
2004 362
2004 363
2004 364
2004 365
2005 6
2005 7
2005 10
2005 11
2005 13
2005 14
2005 18
2005 19
2005 20
2005 21
2005 27
2005 28
2005 34
2005 35
2005 38
2005 39
2005 41
2005 42
2005 48
2005 49
2005 52
2005 53
2005 55
2005 56
2005 59
2005 60
2005 66
2005 67
2005 69
2005 70
2005 73
2005 74
2005 76
2005 77
2005 80
2005 81
2005 82
2005 83
2005 87
2005 88
2005 90
2005 91
2005 94
2005 95
2005 97
2005 98
2005 101
2005 102
2005 104
2005 105
2005 108
2005 109
2005 111
2005 112
2005 115
2005 116
2005 118
2005 119
2005 122
2005 123
2005 125
2005 126
2005 129
2005 130
2005 132
2005 133
2005 136
2005 137
2005 139
2005 140
2005 143
2005 144
2005 146
2005 147
2005 151
2005 152
2005 153
2005 154
2005 157
2005 158
2005 160
2005 161
2005 164
2005 165
2005 167
2005 168
2005 171
2005 172
2005 174
2005 175
2005 178
2005 179
2005 181
2005 182
2005 186
2005 187
2005 188
2005 189
2005 192
2005 193
2005 195
2005 196
2005 199
2005 200
2005 202
2005 203
2005 206
2005 207
2005 209
2005 210
2005 213
2005 214
2005 216
2005 217
2005 220
2005 221
2005 227
2005 228
2005 230
2005 231
2005 234
2005 235
2005 237
2005 238
2005 241
2005 242
2005 244
2005 245
2005 249
2005 250
2005 251
2005 252
2005 276
2005 277
2005 279
2005 280
2005 283
2005 284
2005 286
2005 287
2005 290
2005 291
2005 293
2005 294
2005 297
2005 298
2005 300
2005 301
2005 304
2005 305
2005 307
2005 308
2005 311
2005 312
2005 314
2005 315
2005 321
2005 322
2005 325
2005 326
2005 327
2005 332
2005 333
2005 335
2005 336
2005 339
2005 340
2005 342
2005 343
2005 349
2005 350
2005 353
2005 354
2005 361
2005 362
2005 363
2005 364
2006 3
2006 4
2006 5
2006 9
2006 10
2006 17
2006 18
2006 19
2006 20
2006 23
2006 24
2006 30
2006 31
2006 33
2006 34
2006 37
2006 38
2006 40
2006 41
2006 44
2006 45
2006 54
2006 55
2006 58
2006 59
2006 61
2006 62
2006 65
2006 66
2006 68
2006 69
2006 72
2006 73
2006 75
2006 76
2006 79
2006 80
2006 82
2006 83
2006 86
2006 87
2006 89
2006 90
2006 93
2006 94
2006 96
2006 97
2006 100
2006 101
2006 102
2006 103
2006 108
2006 109
2006 110
2006 111
2006 114
2006 115
2006 117
2006 118
2006 122
2006 123
2006 124
2006 125
2006 128
2006 129
2006 135
2006 136
2006 138
2006 139
2006 142
2006 143
2006 145
2006 146
2006 150
2006 151
2006 152
2006 153
2006 157
2006 158
2006 159
2006 160
2006 163
2006 164
2006 165
2006 170
2006 171
2006 173
2006 174
2006 180
2006 181
2006 187
2006 188
2006 191
2006 192
2006 194
2006 195
2006 198
2006 199
2006 201
2006 202
2006 205
2006 206
2006 208
2006 209
2006 212
2006 213
2006 215
2006 216
2006 219
2006 220
2006 222
2006 223
2006 228
2006 229
2006 230
2006 233
2006 234
2006 236
2006 237
2006 240
2006 241
2006 243
2006 244
2006 248
2006 249
2006 250
2006 251
2006 254
2006 255
2006 261
2006 262
2006 268
2006 269
2006 271
2006 272
2006 275
2006 276
2006 278
2006 279
2006 282
2006 283
2006 285
2006 286
2006 289
2006 290
2006 292
2006 293
2006 296
2006 297
2006 299
2006 300
2006 303
2006 304
2006 306
2006 307
2006 310
2006 311
2006 313
2006 314
2006 317
2006 318
2006 320
2006 321
2006 325
2006 326
2006 331
2006 332
2006 334
2006 335
2006 338
2006 339
2006 345
2006 346
2006 352
2006 353
2006 355
2006 356
2006 361
2006 362
2006 363
2007 4
2007 5
2007 9
2007 10
2007 11
2007 12
2007 15
2007 16
2007 18
2007 19
2007 22
2007 23
2007 25
2007 26
2007 29
2007 30
2007 32
2007 33
2007 36
2007 37
2007 39
2007 40
2007 43
2007 44
2007 46
2007 47
2007 51
2007 52
2007 53
2007 54
2007 57
2007 58
2007 60
2007 61
2007 64
2007 65
2007 66
2007 71
2007 72
2007 78
2007 79
2007 81
2007 82
2007 85
2007 86
2007 88
2007 89
2007 92
2007 93
2007 94
2007 95
2007 100
2007 101
2007 102
2007 103
2007 107
2007 108
2007 109
2007 110
2007 113
2007 114
2007 116
2007 117
2007 122
2007 123
2007 124
2007 127
2007 128
2007 130
2007 131
2007 134
2007 135
2007 141
2007 142
2007 144
2007 145
2007 149
2007 150
2007 151
2007 152
2007 155
2007 156
2007 165
2007 166
2007 169
2007 170
2007 172
2007 173
2007 176
2007 177
2007 179
2007 180
2007 183
2007 184
2007 190
2007 191
2007 193
2007 194
2007 197
2007 198
2007 200
2007 201
2007 204
2007 205
2007 207
2007 208
2007 211
2007 212
2007 214
2007 215
2007 218
2007 219
2007 221
2007 222
2007 225
2007 226
2007 228
2007 229
2007 232
2007 233
2007 239
2007 240
2007 242
2007 243
2007 247
2007 248
2007 249
2007 250
2007 253
2007 254
2007 256
2007 257
2007 260
2007 261
2007 263
2007 264
2007 267
2007 268
2007 270
2007 271
2007 274
2007 275
2007 277
2007 278
2007 282
2007 283
2007 284
2007 285
2007 289
2007 290
2007 291
2007 292
2007 295
2007 296
2007 298
2007 299
2007 302
2007 303
2007 304
2007 309
2007 310
2007 312
2007 313
2007 316
2007 317
2007 319
2007 320
2007 323
2007 324
2007 325
2007 330
2007 331
2007 333
2007 334
2007 337
2007 338
2007 340
2007 341
2007 344
2007 345
2007 347
2007 348
2007 351
2007 352
2007 354
2007 355
2007 360
2007 361
2007 362
2008 2
2008 3
2008 7
2008 8
2008 10
2008 11
2008 14
2008 15
2008 17
2008 18
2008 22
2008 23
2008 24
2008 25
2008 28
2008 29
2008 31
2008 32
2008 35
2008 36
2008 38
2008 39
2008 42
2008 43
2008 50
2008 51
2008 52
2008 53
2008 56
2008 57
2008 59
2008 60
2008 63
2008 64
2008 66
2008 67
2008 71
2008 72
2008 77
2008 78
2008 79
2008 80
2008 85
2008 86
2008 87
2008 88
2008 91
2008 92
2008 94
2008 95
2008 98
2008 99
2008 101
2008 102
2008 105
2008 106
2008 108
2008 109
2008 113
2008 114
2008 115
2008 116
2008 119
2008 120
2008 121
2008 126
2008 127
2008 128
2008 129
2008 133
2008 134
2008 143
2008 144
2008 148
2008 149
2008 154
2008 155
2008 157
2008 158
2008 161
2008 162
2008 163
2008 168
2008 169
2008 171
2008 172
2008 175
2008 176
2008 178
2008 179
2008 182
2008 183
2008 184
2008 185
2008 189
2008 190
2008 192
2008 193
2008 196
2008 197
2008 199
2008 200
2008 203
2008 204
2008 206
2008 207
2008 210
2008 211
2008 213
2008 214
2008 217
2008 218
2008 246
2008 247
2008 252
2008 253
2008 255
2008 256
2008 259
2008 260
2008 262
2008 263
2008 266
2008 267
2008 269
2008 270
2008 273
2008 274
2008 276
2008 277
2008 280
2008 281
2008 283
2008 284
2008 288
2008 289
2008 290
2008 291
2008 294
2008 295
2008 301
2008 302
2008 304
2008 305
2008 308
2008 309
2008 311
2008 312
2008 315
2008 316
2008 318
2008 319
2008 322
2008 323
2008 329
2008 330
2008 336
2008 337
2008 339
2008 340
2008 344
2008 345
2008 346
2008 347
2008 350
2008 351
2008 357
2008 358
2008 364
2008 365
2009 5
2009 6
2009 8
2009 9
2009 12
2009 13
2009 15
2009 16
2009 20
2009 21
2009 22
2009 23
2009 26
2009 27
2009 29
2009 30
2009 33
2009 34
2009 36
2009 37
2009 43
2009 44
2009 48
2009 49
2009 50
2009 51
2009 57
2009 58
2009 61
2009 62
2009 64
2009 65
2009 69
2009 70
2009 71
2009 72
2009 75
2009 76
2009 78
2009 79
2009 82
2009 83
2009 85
2009 86
2009 89
2009 90
2009 92
2009 93
2009 96
2009 97
2009 98
2009 99
2009 104
2009 105
2009 106
2009 107
2009 110
2009 111
2009 117
2009 118
2009 124
2009 125
2009 126
2009 127
2009 131
2009 132
2009 134
2009 135
2009 138
2009 139
2009 146
2009 147
2009 148
2009 149
2009 153
2009 154
2009 161
2009 162
2009 166
2009 167
2009 169
2009 170
2009 176
2009 177
2009 180
2009 181
2009 182
2009 183
2009 187
2009 188
2009 194
2009 195
2009 197
2009 198
2009 202
2009 203
2009 204
2009 205
2009 208
2009 209
2009 211
2009 212
2009 218
2009 219
2009 222
2009 223
2009 225
2009 226
2009 229
2009 230
2009 236
2009 237
2009 239
2009 240
2009 243
2009 244
2009 246
2009 247
2009 251
2009 252
2009 253
2009 254
2009 257
2009 258
2009 264
2009 265
2009 267
2009 268
2009 271
2009 272
2009 274
2009 275
2009 278
2009 279
2009 286
2009 287
2009 288
2009 289
2009 295
2009 296
2009 299
2009 300
2009 302
2009 303
2009 306
2009 307
2009 309
2009 310
2009 313
2009 314
2009 316
2009 317
2009 320
2009 321
2009 334
2009 335
2009 337
2009 338
2009 341
2009 342
2009 344
2009 345
2009 348
2009 349
2009 351
2009 352
2009 355
2009 356
2009 357
2009 362
2009 363
2009 364
2010 4
2010 5
2010 7
2010 8
2010 11
2010 12
2010 14
2010 15
2010 19
2010 20
2010 21
2010 22
2010 25
2010 26
2010 28
2010 29
2010 32
2010 33
2010 39
2010 40
2010 42
2010 43
2010 47
2010 48
2010 49
2010 50
2010 53
2010 54
2010 56
2010 57
2010 60
2010 61
2010 67
2010 68
2010 70
2010 71
2010 74
2010 75
2010 81
2010 82
2010 84
2010 85
2010 88
2010 89
2010 90
2010 91
2010 96
2010 97
2010 98
2010 99
2010 102
2010 103
2010 105
2010 106
2010 109
2010 110
2010 112
2010 113
2010 116
2010 117
2010 119
2010 120
2010 123
2010 124
2010 126
2010 127
2010 130
2010 131
2010 133
2010 134
2010 137
2010 138
2010 140
2010 141
2010 147
2010 148
2010 152
2010 153
2010 154
2010 155
2010 158
2010 159
2010 161
2010 162
2010 165
2010 166
2010 168
2010 169
2010 172
2010 173
2010 175
2010 176
2010 179
2010 180
2010 182
2010 183
2010 187
2010 188
2010 189
2010 190
2010 193
2010 194
2010 196
2010 197
2010 200
2010 201
2010 203
2010 204
2010 207
2010 208
2010 210
2010 211
2010 214
2010 215
2010 221
2010 222
2010 224
2010 225
2010 228
2010 229
2010 231
2010 232
2010 235
2010 236
2010 242
2010 243
2010 245
2010 246
2010 250
2010 251
2010 252
2010 253
2010 256
2010 257
2010 263
2010 264
2010 266
2010 267
2010 270
2010 271
2010 277
2010 278
2010 285
2010 286
2010 298
2010 299
2010 315
2010 316
2010 319
2010 320
2010 326
2010 327
2010 347
2010 348
2010 350
2010 351
2010 354
2010 355
2010 361
2010 362
2010 363
2010 364
2011 3
2011 4
2011 10
2011 11
2011 13
2011 14
2011 24
2011 25
2011 27
2011 28
2011 31
2011 32
2011 38
2011 39
2011 48
2011 49
2011 52
2011 53
2011 55
2011 56
2011 59
2011 60
2011 62
2011 63
2011 66
2011 67
2011 69
2011 70
2011 74
2011 75
2011 76
2011 77
2011 80
2011 81
2011 90
2011 91
2011 94
2011 95
2011 101
2011 102
2011 104
2011 105
2011 109
2011 110
2011 116
2011 117
2011 122
2011 123
2011 125
2011 126
2011 129
2011 130
2011 132
2011 133
2011 136
2011 137
2011 139
2011 140
2011 143
2011 144
2011 146
2011 147
2011 151
2011 152
2011 160
2011 161
2011 165
2011 166
2011 167
2011 168
2011 171
2011 172
2011 174
2011 175
2011 178
2011 179
2011 188
2011 189
2011 192
2011 193
2011 195
2011 196
2011 202
2011 203
2011 206
2011 207
2011 209
2011 210
2011 213
2011 214
2011 216
2011 217
2011 223
2011 224
2011 228
2011 229
2011 230
2011 231
2011 234
2011 235
2011 237
2011 238
2011 241
2011 242
2011 244
2011 245
2011 249
2011 250
2011 251
2011 252
2011 255
2011 256
2011 276
2011 277
2011 286
2011 287
2011 290
2011 291
2011 292
2011 297
2011 298
2011 300
2011 301
2011 307
2011 308
2011 311
2011 312
2011 314
2011 315
2011 318
2011 319
2011 325
2011 326
2011 327
2011 332
2011 333
2011 335
2011 336
2011 339
2011 340
2011 346
2011 347
2011 353
2011 354
2011 355
2011 356
2011 361
2011 362
2011 363
2011 364
2012 3
2012 4
2012 5
2012 6
2012 9
2012 10
2012 12
2012 13
2012 17
2012 18
2012 23
2012 24
2012 26
2012 27
2012 30
2012 31
2012 33
2012 34
2012 37
2012 38
2012 44
2012 45
2012 47
2012 48
2012 52
2012 53
2012 58
2012 59
2012 61
2012 62
2012 65
2012 66
2012 68
2012 69
2012 73
2012 74
2012 75
2012 76
2012 79
2012 80
2012 86
2012 87
2012 93
2012 94
2012 101
2012 102
2012 103
2012 104
2012 107
2012 108
2012 110
2012 111
2012 114
2012 115
2012 117
2012 118
2012 123
2012 124
2012 125
2012 128
2012 129
2012 131
2012 132
2012 135
2012 136
2012 138
2012 139
2012 142
2012 143
2012 145
2012 146
2012 150
2012 151
2012 152
2012 153
2012 157
2012 158
2012 159
2012 160
2012 164
2012 165
2012 166
2012 167
2012 170
2012 171
2012 177
2012 178
2012 180
2012 181
2012 184
2012 185
2012 187
2012 188
2012 191
2012 192
2012 194
2012 195
2012 201
2012 202
2012 205
2012 206
2012 212
2012 213
2012 215
2012 216
2012 219
2012 220
2012 222
2012 223
2012 226
2012 227
2012 229
2012 230
2012 233
2012 234
2012 236
2012 237
2012 240
2012 241
2012 243
2012 244
2012 248
2012 249
2012 250
2012 251
2012 254
2012 255
2012 257
2012 258
2012 261
2012 262
2012 264
2012 265
2012 268
2012 269
2012 271
2012 272
2012 275
2012 276
2012 278
2012 279
2012 284
2012 285
2012 286
2012 289
2012 290
2012 292
2012 293
2012 296
2012 297
2012 299
2012 300
2012 303
2012 304
2012 306
2012 307
2012 310
2012 311
2012 313
2012 314
2012 317
2012 318
2012 320
2012 321
2012 324
2012 325
2012 331
2012 332
2012 334
2012 335
2012 338
2012 339
2012 345
2012 346
2012 348
2012 349
2012 353
2012 354
2012 355
2012 356
2012 361
2012 362
2012 363
2013 2
2013 3
2013 4
2013 7
2013 8
2013 10
2013 11
2013 15
2013 16
2013 17
2013 18
2013 22
2013 23
2013 24
2013 25
2013 28
2013 29
2013 31
2013 32
2013 35
2013 36
2013 38
2013 39
2013 43
2013 44
2013 45
2013 46
2013 49
2013 50
2013 52
2013 53
2013 56
2013 57
2013 59
2013 60
2013 63
2013 64
2013 66
2013 67
2013 71
2013 72
2013 73
2013 74
2013 77
2013 78
2013 80
2013 81
2013 84
2013 85
2013 86
2013 92
2013 93
2013 94
2013 95
2013 98
2013 99
2013 101
2013 102
2013 108
2013 109
2013 112
2013 113
2013 115
2013 116
2013 119
2013 120
2013 122
2013 123
2013 127
2013 128
2013 129
2013 130
2013 133
2013 134
2013 136
2013 137
2013 141
2013 142
2013 143
2013 144
2013 148
2013 149
2013 150
2013 151
2013 154
2013 155
2013 157
2013 158
2013 161
2013 162
2013 168
2013 169
2013 171
2013 172
2013 175
2013 176
2013 178
2013 179
2013 182
2013 183
2013 184
2013 189
2013 190
2013 192
2013 193
2013 199
2013 200
2013 203
2013 204
2013 206
2013 207
2013 213
2013 214
2013 217
2013 218
2013 220
2013 221
2013 224
2013 225
2013 226
2013 231
2013 232
2013 234
2013 235
2013 238
2013 239
2013 241
2013 242
2013 246
2013 247
2013 248
2013 249
2013 252
2013 253
2013 255
2013 256
2013 260
2013 261
2013 262
2013 263
2013 267
2013 268
2013 269
2013 270
2013 273
2013 274
2013 276
2013 277
2013 280
2013 281
2013 283
2013 284
2013 288
2013 289
2013 290
2013 291
2013 294
2013 295
2013 297
2013 298
2013 301
2013 302
2013 303
2013 304
2013 309
2013 310
2013 311
2013 312
2013 316
2013 317
2013 318
2013 319
2013 322
2013 323
2013 325
2013 326
2013 329
2013 330
2013 331
2013 336
2013 337
2013 339
2013 340
2013 343
2013 344
2013 346
2013 347
2013 350
2013 351
2013 353
2013 354
2013 357
2013 358
2013 360
2013 361
2013 364
2013 365
2014 2
2014 3
2014 6
2014 7
2014 9
2014 10
2014 13
2014 14
2014 16
2014 17
2014 21
2014 22
2014 23
2014 24
2014 28
2014 29
2014 30
2014 31
2014 34
2014 35
2014 37
2014 38
2014 41
2014 42
2014 44
2014 45
2014 48
2014 49
2014 51
2014 52
2014 55
2014 56
2014 58
2014 59
2014 62
2014 63
2014 65
2014 66
2014 70
2014 71
2014 72
2014 73
2014 76
2014 77
2014 79
2014 80
2014 83
2014 84
2014 86
2014 87
2014 90
2014 91
2014 97
2014 98
2014 100
2014 101
2014 104
2014 105
2014 106
2014 112
2014 113
2014 114
2014 115
2014 118
2014 119
2014 142
2014 143
2014 147
2014 148
2014 149
2014 150
2014 153
2014 154
2014 163
2014 164
2014 168
2014 169
2014 170
2014 171
2014 174
2014 175
2014 177
2014 178
2014 181
2014 182
2014 183
2014 184
2014 191
2014 192
2014 195
2014 196
2014 198
2014 199
2014 202
2014 203
2014 205
2014 206
2014 209
2014 210
2014 212
2014 213
2014 216
2014 217
2014 219
2014 220
2014 223
2014 224
2014 226
2014 227
2014 230
2014 231
2014 233
2014 234
2014 237
2014 238
2014 240
2014 241
2014 245
2014 246
2014 247
2014 248
2014 251
2014 252
2014 254
2014 255
2014 258
2014 259
2014 261
2014 262
2014 265
2014 266
2014 268
2014 269
2014 272
2014 273
2014 274
2014 275
2014 279
2014 280
2014 282
2014 283
2014 286
2014 287
2014 289
2014 290
2014 293
2014 294
2014 295
2014 300
2014 301
2014 307
2014 308
2014 310
2014 311
2014 314
2014 315
2014 317
2014 318
2014 321
2014 322
2014 324
2014 325
2014 328
2014 329
2014 330
2014 335
2014 336
2014 338
2014 339
2014 343
2014 344
2014 345
2014 346
2014 349
2014 350
2014 352
2014 353
2014 356
2014 357
2014 358
2014 363
2014 364
2014 365
2015 5
2015 6
2015 8
2015 9
2015 13
2015 14
2015 15
2015 16
2015 22
2015 23
2015 26
2015 27
2015 33
2015 34
2015 36
2015 37
2015 40
2015 41
2015 43
2015 44
2015 47
2015 48
2015 50
2015 51
2015 54
2015 55
2015 57
2015 58
2015 62
2015 63
2015 64
2015 65
2015 68
2015 69
2015 71
2015 72
2015 75
2015 76
2015 78
2015 79
2015 82
2015 83
2015 89
2015 90
2015 91
2015 92
2015 97
2015 98
2015 99
2015 100
2015 106
2015 107
2015 110
2015 111
2015 113
2015 114
2015 117
2015 118
2015 119
2015 120
2015 124
2015 125
2015 127
2015 128
2015 131
2015 132
2015 134
2015 135
2015 138
2015 139
2015 141
2015 142
2015 146
2015 147
2015 152
2015 153
2015 155
2015 156
2015 160
2015 161
2015 162
2015 163
2015 166
2015 167
2015 169
2015 170
2015 173
2015 174
2015 180
2015 181
2015 182
2015 183
2015 187
2015 188
2015 190
2015 191
2015 194
2015 195
2015 197
2015 198
2015 201
2015 202
2015 208
2015 209
2015 216
2015 217
2015 218
2015 219
2015 223
2015 224
2015 225
2015 226
2015 229
2015 230
2015 232
2015 233
2015 236
2015 237
2015 239
2015 240
2015 243
2015 244
2015 246
2015 247
2015 251
2015 252
2015 253
2015 254
2015 257
2015 258
2015 260
2015 261
2015 264
2015 265
2015 271
2015 272
2015 274
2015 275
2015 278
2015 279
2015 286
2015 287
2015 288
2015 289
2015 292
2015 293
2015 295
2015 296
2015 299
2015 300
2015 302
2015 303
2015 307
2015 308
2015 313
2015 314
2015 316
2015 317
2015 320
2015 321
2015 323
2015 324
2015 327
2015 328
2015 329
2015 337
2015 338
2015 341
2015 342
2015 344
2015 345
2015 348
2015 349
2015 351
2015 352
2015 355
2015 356
2015 357
2015 362
2015 363
2015 364
2016 7
2016 8
2016 12
2016 13
2016 14
2016 15
2016 18
2016 19
2016 21
2016 22
2016 26
2016 27
2016 28
2016 29
2016 32
2016 33
2016 35
2016 36
2016 39
2016 40
2016 42
2016 43
2016 46
2016 47
2016 49
2016 50
2016 53
2016 54
2016 56
2016 57
2016 60
2016 61
2016 63
2016 64
2016 67
2016 68
2016 70
2016 71
2016 74
2016 75
2016 77
2016 78
2016 81
2016 82
2016 89
2016 90
2016 91
2016 92
2016 95
2016 96
2016 98
2016 99
2016 102
2016 103
2016 105
2016 106
2016 109
2016 110
2016 112
2016 113
2016 124
2016 125
2016 126
2016 127
2016 130
2016 131
2016 133
2016 134
2016 138
2016 139
2016 140
2016 141
2016 144
2016 145
2016 147
2016 148
2016 152
2016 153
2016 154
2016 155
2016 159
2016 160
2016 161
2016 162
2016 165
2016 166
2016 168
2016 169
2016 172
2016 173
2016 175
2016 176
2016 179
2016 180
2016 182
2016 183
2016 186
2016 187
2016 189
2016 190
2016 193
2016 194
2016 196
2016 197
2016 200
2016 201
2016 203
2016 204
2016 210
2016 211
2016 214
2016 215
2016 217
2016 218
2016 221
2016 222
2016 224
2016 225
2016 229
2016 230
2016 231
2016 232
2016 235
2016 236
2016 238
2016 239
2016 242
2016 243
2016 245
2016 246
2016 250
2016 251
2016 252
2016 253
2016 256
2016 257
2016 259
2016 260
2016 263
2016 264
2016 266
2016 267
2016 270
2016 271
2016 273
2016 274
2016 278
2016 279
2016 280
2016 281
2016 285
2016 286
2016 287
2016 288
2016 291
2016 292
2016 298
2016 299
2016 301
2016 302
2016 305
2016 306
2016 308
2016 309
2016 312
2016 313
2016 315
2016 316
2016 319
2016 320
2016 322
2016 323
2016 326
2016 327
2016 328
2016 336
2016 337
2016 340
2016 341
2016 343
2016 344
2016 347
2016 348
2016 349
2016 350
2016 355
2016 356
2016 357
2016 362
2016 363
2016 364
2016 365
2017 3
2017 4
2017 5
2017 10
2017 11
2017 12
2017 13
2017 17
2017 18
2017 19
2017 20
2017 23
2017 24
2017 26
2017 27
2017 30
2017 31
2017 37
2017 38
2017 40
2017 41
2017 44
2017 45
2017 47
2017 48
2017 52
2017 53
2017 58
2017 59
2017 61
2017 62
2017 65
2017 66
2017 68
2017 69
2017 72
2017 73
2017 75
2017 76
2017 79
2017 80
2017 82
2017 83
2017 86
2017 87
2017 89
2017 90
2017 93
2017 94
2017 96
2017 97
2017 100
2017 101
2017 102
2017 103
2017 108
2017 109
2017 110
2017 111
2017 114
2017 115
2017 117
2017 118
2017 122
2017 123
2017 124
2017 125
2017 128
2017 129
2017 131
2017 132
2017 135
2017 136
2017 138
2017 139
2017 142
2017 143
2017 145
2017 146
2017 150
2017 151
2017 152
2017 153
2017 157
2017 158
2017 170
2017 171
2017 173
2017 174
2017 177
2017 178
2017 180
2017 181
2017 184
2017 185
2017 187
2017 188
2017 191
2017 192
2017 194
2017 195
2017 199
2017 200
2017 201
2017 202
2017 205
2017 206
2017 208
2017 209
2017 215
2017 216
2017 219
2017 220
2017 222
2017 223
2017 226
2017 227
2017 229
2017 230
2017 233
2017 234
2017 236
2017 237
2017 240
2017 241
2017 243
2017 244
2017 248
2017 249
2017 250
2017 251
2017 254
2017 255
2017 257
2017 258
2017 261
2017 262
2017 268
2017 269
2017 271
2017 272
2017 275
2017 276
2017 278
2017 279
2017 283
2017 284
2017 285
2017 286
2017 289
2017 290
2017 292
2017 293
2017 296
2017 297
2017 299
2017 300
2017 303
2017 304
2017 317
2017 318
2017 320
2017 321
2017 324
2017 325
2017 326
2017 348
2017 349
2018 2
2018 3
2018 4
2018 5
2018 11
2018 12
2018 15
2018 16
2018 18
2018 19
2018 22
2018 23
2018 25
2018 26
2018 29
2018 30
2018 32
2018 33
2018 36
2018 37
2018 39
2018 40
2018 43
2018 44
2018 46
2018 47
2018 50
2018 51
2018 53
2018 54
2018 57
2018 58
2018 64
2018 65
2018 67
2018 68
2018 71
2018 72
2018 78
2018 79
2018 81
2018 82
2018 85
2018 86
2018 87
2018 93
2018 94
2018 99
2018 100
2018 102
2018 103
2018 109
2018 110
2018 113
2018 114
2018 116
2018 117
2018 122
2018 123
2018 124
2018 128
2018 129
2018 130
2018 131
2018 134
2018 135
2018 137
2018 138
2018 142
2018 143
2018 149
2018 150
2018 151
2018 152
2018 155
2018 156
2018 158
2018 159
2018 162
2018 163
2018 165
2018 166
2018 169
2018 170
2018 172
2018 173
2018 176
2018 177
2018 179
2018 180
2018 183
2018 184
2018 186
2018 187
2018 190
2018 191
2018 197
2018 198
2018 200
2018 201
2018 204
2018 205
2018 207
2018 208
2018 214
2018 215
2018 218
2018 219
2018 221
2018 222
2018 225
2018 226
2018 228
2018 229
2018 232
2018 233
2018 242
2018 243
2018 246
2018 247
2018 249
2018 250
2018 253
2018 254
2018 256
2018 257
2018 260
2018 261
2018 263
2018 264
2018 268
2018 269
2018 270
2018 271
2018 274
2018 275
2018 277
2018 278
2018 281
2018 282
2018 284
2018 285
2018 288
2018 289
2018 291
2018 292
2018 295
2018 296
2018 302
2018 303
2018 304
2018 316
2018 317
2018 319
2018 320
2018 323
2018 324
2018 325
2018 330
2018 331
2018 333
2018 334
2018 337
2018 338
2018 340
2018 341
2018 344
2018 345
2018 351
2018 352
2018 354
2018 355
2018 360
2018 361
2018 362
2019 2
2019 3
2019 4
2019 7
2019 8
2019 10
2019 11
2019 14
2019 15
2019 17
2019 18
2019 22
2019 23
2019 24
2019 25
2019 28
2019 29
2019 31
2019 32
2019 35
2019 36
2019 38
2019 39
2019 42
2019 43
2019 45
2019 46
2019 50
2019 51
2019 52
2019 53
2019 56
2019 57
2019 59
2019 60
2019 63
2019 64
2019 66
2019 67
2019 70
2019 71
2019 73
2019 74
2019 77
2019 78
2019 80
2019 81
2019 84
2019 85
2019 87
2019 88
2019 91
2019 92
2019 94
2019 95
2019 98
2019 99
2019 105
2019 106
2019 107
2019 108
2019 113
2019 114
2019 115
2019 116
2019 119
2019 120
2019 122
2019 123
2019 127
2019 128
2019 129
2019 130
2019 133
2019 134
2019 140
2019 141
2019 143
2019 144
2019 148
2019 149
2019 150
2019 151
2019 154
2019 155
2019 157
2019 158
2019 162
2019 163
2019 164
2019 165
2019 171
2019 172
2019 175
2019 176
2019 178
2019 179
2019 182
2019 183
2019 185
2019 186
2019 189
2019 190
2019 192
2019 193
2019 196
2019 197
2019 199
2019 200
2019 203
2019 204
2019 206
2019 207
2019 210
2019 211
2019 213
2019 214
2019 217
2019 218
2019 220
2019 221
2019 224
2019 225
2019 227
2019 228
2019 231
2019 232
2019 234
2019 235
2019 241
2019 242
2019 245
2019 246
2019 248
2019 249
2019 255
2019 256
2019 259
2019 260
2019 262
2019 263
2019 266
2019 267
2019 269
2019 270
2019 273
2019 274
2019 275
2019 281
2019 282
2019 283
2019 284
2019 287
2019 288
2019 290
2019 291
2019 294
2019 295
2019 297
2019 298
2019 301
2019 302
2019 308
2019 309
2019 311
2019 312
2019 315
2019 316
2019 318
2019 319
2019 322
2019 323
2019 325
2019 326
2019 329
2019 330
2019 331
2019 339
2019 340
2019 343
2019 344
2019 346
2019 347
2019 353
2019 354
2019 357
2019 358
2019 360
2019 361
2019 364
2019 365
2020 2
2020 3
2020 9
2020 10
2020 13
2020 14
2020 21
2020 22
2020 23
2020 24
2020 27
2020 28
2020 30
2020 31
2020 34
2020 35
2020 37
2020 38
2020 41
2020 42
2020 48
2020 49
2020 51
2020 52
2020 55
2020 56
2020 58
2020 59
2020 65
2020 66
2020 69
2020 70
2020 72
2020 73
2020 76
2020 77
2020 79
2020 80
2020 83
2020 84
2020 86
2020 87
2020 90
2020 91
2020 93
2020 94
2020 97
2020 98
2020 99
2020 100
2020 105
2020 106
2020 107
2020 108
2020 111
2020 112
2020 113
2020 114
2020 118
2020 119
2020 120
2020 121
2020 125
2020 126
2020 128
2020 129
2020 132
2020 133
2020 135
2020 136
2020 139
2020 140
2020 142
2020 143
2020 147
2020 148
2020 149
2020 150
2020 154
2020 155
2020 156
2020 157
2020 160
2020 161
2020 167
2020 168
2020 170
2020 171
2020 174
2020 175
2020 177
2020 178
2020 181
2020 182
2020 183
2020 184
2020 188
2020 189
2020 191
2020 192
2020 195
2020 196
2020 198
2020 199
2020 205
2020 206
2020 209
2020 210
2020 224
2020 225
2020 226
2020 227
2020 231
2020 232
2020 233
2020 234
2020 237
2020 238
2020 240
2020 241
2020 244
2020 245
2020 247
2020 248
2020 252
2020 253
2020 254
2020 255
2020 258
2020 259
2020 261
2020 262
2020 268
2020 269
2020 272
2020 273
2020 275
2020 276
2020 279
2020 280
2020 282
2020 283
2020 289
2020 290
2020 293
2020 294
2020 296
2020 297
2020 300
2020 301
2020 303
2020 304
2020 310
2020 311
2020 314
2020 315
2020 317
2020 318
2020 321
2020 322
2020 329
2020 330
2020 331
2020 332
2020 335
2020 336
2020 338
2020 339
2020 342
2020 343
2020 345
2020 346
2020 349
2020 350
2020 352
2020 353
2020 356
2020 357
2020 358
2020 363
2020 364
2021 11
2021 12
2021 14
2021 15
2021 18
2021 19
2021 21
2021 22
2021 25
2021 26
2021 28
2021 29
2021 32
2021 33
2021 35
2021 36
2021 39
2021 40
2021 42
2021 43
2021 47
2021 48
2021 49
2021 50
2021 53
2021 54
2021 56
2021 57
2021 60
2021 61
2021 63
2021 64
2021 67
2021 68
2021 70
2021 71
2021 74
2021 75
2021 77
2021 78
2021 82
2021 83
2021 84
2021 85
2021 88
2021 89
2021 90
2021 91
2021 96
2021 97
2021 98
2021 99
2021 102
2021 103
2021 105
2021 106
2021 109
2021 110
2021 112
2021 113
2021 116
2021 117
2021 119
2021 120
2021 123
2021 124
2021 126
2021 127
2021 130
2021 131
2021 133
2021 134
2021 140
2021 141
2021 145
2021 146
2021 147
2021 148
2021 151
2021 152
2021 154
2021 155
2021 158
2021 159
2021 160
2021 161
2021 165
2021 166
2021 168
2021 169
2021 172
2021 173
2021 175
2021 176
2021 179
2021 180
2021 182
2021 183
2021 187
2021 188
2021 189
2021 190
2021 193
2021 194
2021 196
2021 197
2021 200
2021 201
2021 203
2021 204
2021 207
2021 208
2021 210
2021 211
2021 214
2021 215
2021 216
2021 217
2021 222
2021 223
2021 224
2021 225
2021 229
2021 230
2021 231
2021 232
2021 238
2021 239
2021 242
2021 243
2021 245
2021 246
2021 252
2021 253
2021 256
2021 257
2021 259
2021 260
2021 263
2021 264
2021 270
2021 271
2021 273
2021 274
2021 277
2021 278
2021 280
2021 281
2021 285
2021 286
2021 291
2021 292
2021 294
2021 295
2021 298
2021 299
2021 301
2021 302
2021 306
2021 307
2021 308
2021 309
2021 312
2021 313
2021 315
2021 316
2021 319
2021 320
2021 322
2021 323
2021 327
2021 328
2021 329
2021 330
2021 333
2021 334
2021 336
2021 337
2021 340
2021 341
2021 343
2021 344
2021 347
2021 348
2021 350
2021 351
2021 354
2021 355
2021 356
2021 357
2021 361
2021 362
2021 363
2021 364
2022 3
2022 4
2022 6
2022 7
2022 10
2022 11
2022 13
2022 14
2022 18
2022 19
2022 20
2022 21
2022 24
2022 25
2022 27
2022 28
2022 31
2022 32
2022 38
2022 39
2022 41
2022 42
2022 48
2022 49
2022 52
2022 53
2022 55
2022 56
2022 59
2022 60
2022 62
2022 63
2022 66
2022 67
2022 69
2022 70
2022 73
2022 74
2022 76
2022 77
2022 81
2022 82
2022 83
2022 84
2022 87
2022 88
2022 90
2022 91
2022 94
2022 95
2022 97
2022 98
2022 101
2022 102
2022 103
2022 104
2022 109
2022 110
2022 111
2022 112
2022 115
2022 116
2022 118
2022 119
2022 123
2022 124
2022 125
2022 126
2022 129
2022 130
2022 132
2022 133
2022 136
2022 137
2022 143
2022 144
2022 151
2022 152
2022 158
2022 159
2022 160
2022 161
2022 164
2022 165
2022 167
2022 168
2022 172
2022 173
2022 174
2022 175
2022 178
2022 179
2022 181
2022 182
2022 185
2022 186
2022 187
2022 188
2022 192
2022 193
2022 195
2022 196
2022 199
2022 200
2022 202
2022 203
2022 206
2022 207
2022 209
2022 210
2022 213
2022 214
2022 215
2022 216
2022 220
2022 221
2022 223
2022 224
2022 228
2022 229
2022 230
2022 231
2022 234
2022 235
2022 241
2022 242
2022 244
2022 245
2022 248
2022 249
2022 251
2022 252
2022 255
2022 256
2022 258
2022 259
2022 262
2022 263
2022 265
2022 266
2022 269
2022 270
2022 272
2022 273
2022 277
2022 278
2022 279
2022 280
2022 284
2022 285
2022 286
2022 287
2022 290
2022 291
2022 293
2022 294
2022 297
2022 298
2022 299
2022 300
2022 304
2022 305
2022 307
2022 308
2022 311
2022 312
2022 313
2022 314
2022 318
2022 319
2022 321
2022 322
2022 325
2022 326
2022 328
2022 329
2022 333
2022 334
2022 335
2022 336
2022 339
2022 340
2022 342
2022 343
2022 346
2022 347
2022 348
2022 349
2022 353
2022 354
2022 355
2022 356
2022 361
2022 362
2023 9
2023 10
2023 12
2023 13
2023 16
2023 17
2023 23
2023 24
2023 26
2023 27
2023 33
2023 34
2023 37
2023 38
2023 40
2023 41
2023 44
2023 45
2023 54
2023 55
2023 58
2023 59
2023 61
2023 62
2023 65
2023 66
2023 74
2023 75
2023 79
2023 80
2023 82
2023 83
2023 86
2023 87
2023 89
2023 90
2023 93
2023 94
2023 95
2023 96
2023 101
2023 102
2023 103
2023 104
2023 107
2023 108
2023 110
2023 111
2023 114
2023 115
2023 122
2023 123
2023 124
2023 125
2023 131
2023 132
2023 135
2023 136
2023 138
2023 139
2023 145
2023 146
2023 150
2023 151
2023 152
2023 159
2023 160
2023 165
2023 166
2023 170
2023 171
2023 177
2023 178
2023 180
2023 181
2023 184
2023 185
2023 187
2023 188
2023 191
2023 192
2023 194
2023 195
2023 198
2023 199
2023 201
2023 202
2023 205
2023 206
2023 208
2023 209
2023 215
2023 216
2023 219
2023 220
2023 222
2023 223
2023 226
2023 227
2023 229
2023 230
2023 234
2023 235
2023 236
2023 237
2023 240
2023 241
2023 248
2023 249
2023 250
2023 251
2023 254
2023 255
2023 261
2023 262
2023 263
2023 264
2023 269
2023 270
2023 271
2023 272
2023 275
2023 276
2023 278
2023 279
2023 282
2023 283
2023 285
2023 286
2023 290
2023 291
2023 292
2023 293
2023 296
2023 297
2023 299
2023 300
2023 303
2023 304
2023 306
2023 307
2023 310
2023 311
2023 317
2023 318
2023 320
2023 321
2023 324
2023 325
2023 327
2023 328
2023 331
2023 332
2023 334
2023 335
2023 338
2023 339
2023 341
2023 342
2023 345
2023 346
2023 348
2023 349
2023 352
2023 353
2023 354
2023 355
2023 362
2023 363
2024 2
2024 3
2024 4
2024 5
2024 8
2024 9
2024 15
2024 16
2024 18
2024 19
2024 22
2024 23
2024 25
2024 26
2024 29
2024 30
2024 32
2024 33
2024 36
2024 37
2024 39
2024 40
2024 43
2024 44
2024 46
2024 47
2024 50
2024 51
2024 53
2024 54
2024 57
2024 58
2024 60
2024 61
2024 64
2024 65
2024 67
2024 68
2024 71
2024 72
2024 74
2024 75
2024 78
2024 79
2024 81
2024 82
2024 85
2024 86
2024 87
2024 88
2024 93
2024 94
2024 95
2024 96
2024 99
2024 100
2024 106
2024 107
2024 109
2024 110
2024 113
2024 114
2024 116
2024 117
2024 120
2024 121
2024 127
2024 128
2024 134
2024 135
2024 141
2024 142
2024 144
2024 145
2024 148
2024 149
2024 151
2024 152
2024 155
2024 156
2024 158
2024 159
2024 172
2024 173
2024 176
2024 177
2024 179
2024 180
